Game: 100
Max Score: 137
mavg_score: [71.0, 89.78, 92.14]
var_score: [0.0, 462.21160000000003, 430.5604000000001]
mavg_ammo_left: [12.0, 10.56, 10.66]
mavg_kill_counts: [0.0, 1.84, 2.22]
