Game: 150
Max Score: 138
mavg_score: [71.0, 89.78, 92.14, 94.48]
var_score: [0.0, 462.21160000000003, 430.5604000000001, 394.6495999999999]
mavg_ammo_left: [12.0, 10.56, 10.66, 8.98]
mavg_kill_counts: [0.0, 1.84, 2.22, 2.48]
