Game: 200
Max Score: 153
mavg_score: [71.0, 89.78, 92.14, 94.48, 85.52]
var_score: [0.0, 462.21160000000003, 430.5604000000001, 394.6495999999999, 468.0496]
mavg_ammo_left: [12.0, 10.56, 10.66, 8.98, 10.84]
mavg_kill_counts: [0.0, 1.84, 2.22, 2.48, 1.68]
